Generation Moyenne1 Minimum1 Maximum1 Moyenne2 Minimum2 Maximum2
1 -1.29429e+09 -2.14748e+09 1.99578e+09 PasCritere
2 -1.29429e+09 -2.14748e+09 1.99578e+09 PasCritere
3 -2.07039e+09 -2.14748e+09 1.9195e+09 PasCritere
4 -2.07039e+09 -2.14748e+09 1.9195e+09 PasCritere
5 -2.12447e+09 -2.14748e+09 1.9195e+09 PasCritere
6 -2.12447e+09 -2.14748e+09 1.9195e+09 PasCritere
7 -2.14748e+09 -2.14748e+09 -2.04521e+09 PasCritere
8 -2.14748e+09 -2.14748e+09 -2.04521e+09 PasCritere
9 -2.14748e+09 -2.14748e+09 -2.14748e+09 PasCritere
10 -2.14748e+09 -2.14748e+09 -2.14748e+09 PasCritere
11 -2.14748e+09 -2.14748e+09 -2.14748e+09 PasCritere
12 -2.14748e+09 -2.14748e+09 -2.14748e+09 PasCritere
13 -2.14748e+09 -2.14748e+09 -2.14748e+09 PasCritere
14 -2.14748e+09 -2.14748e+09 -2.14748e+09 PasCritere
15 -2.14748e+09 -2.14748e+09 -2.14748e+09 PasCritere
16 -2.14748e+09 -2.14748e+09 -2.14748e+09 PasCritere
17 -2.14748e+09 -2.14748e+09 -2.14748e+09 PasCritere
18 -2.14748e+09 -2.14748e+09 -2.14748e+09 PasCritere
19 -2.14748e+09 -2.14748e+09 -2.14748e+09 PasCritere
20 -2.14748e+09 -2.14748e+09 -2.14748e+09 PasCritere
21 -2.14748e+09 -2.14748e+09 -2.14748e+09 PasCritere
22 -2.14748e+09 -2.14748e+09 -2.14748e+09 PasCritere
23 -2.14748e+09 -2.14748e+09 -2.14748e+09 PasCritere
24 -2.14748e+09 -2.14748e+09 -2.14748e+09 PasCritere
25 -2.14748e+09 -2.14748e+09 -2.14748e+09 PasCritere
26 -2.14748e+09 -2.14748e+09 -2.14748e+09 PasCritere
27 -2.14748e+09 -2.14748e+09 -2.14748e+09 PasCritere
28 -2.14748e+09 -2.14748e+09 -2.14748e+09 PasCritere
29 -2.14748e+09 -2.14748e+09 -2.14748e+09 PasCritere
30 -2.14748e+09 -2.14748e+09 -2.14748e+09 PasCritere
31 -2.14748e+09 -2.14748e+09 -2.14748e+09 PasCritere
32 -2.14748e+09 -2.14748e+09 -2.14748e+09 PasCritere
33 -2.14748e+09 -2.14748e+09 -2.14748e+09 PasCritere
34 -2.14748e+09 -2.14748e+09 -2.14748e+09 PasCritere
35 -2.14748e+09 -2.14748e+09 -2.14748e+09 PasCritere
36 -2.14748e+09 -2.14748e+09 -2.14748e+09 PasCritere
37 -2.14748e+09 -2.14748e+09 -2.14748e+09 PasCritere
38 -2.14748e+09 -2.14748e+09 -2.14748e+09 PasCritere
39 -2.14748e+09 -2.14748e+09 -2.14748e+09 PasCritere
40 -2.14748e+09 -2.14748e+09 -2.14748e+09 PasCritere
41 -2.14748e+09 -2.14748e+09 -2.14748e+09 PasCritere
42 -2.14748e+09 -2.14748e+09 -2.14748e+09 PasCritere
43 -2.14748e+09 -2.14748e+09 -2.14748e+09 PasCritere
44 -2.14748e+09 -2.14748e+09 -2.14748e+09 PasCritere
45 -2.14748e+09 -2.14748e+09 -2.14748e+09 PasCritere
46 -2.14748e+09 -2.14748e+09 -2.14748e+09 PasCritere
47 -2.14748e+09 -2.14748e+09 -2.14748e+09 PasCritere
48 -2.14748e+09 -2.14748e+09 -2.14748e+09 PasCritere
49 -2.14748e+09 -2.14748e+09 -2.14748e+09 PasCritere
50 -2.14748e+09 -2.14748e+09 -2.14748e+09 PasCritere
51 -2.14748e+09 -2.14748e+09 -2.14748e+09 PasCritere
52 -2.14748e+09 -2.14748e+09 -2.14748e+09 PasCritere
53 -2.14748e+09 -2.14748e+09 -2.14748e+09 PasCritere
54 -2.14748e+09 -2.14748e+09 -2.14748e+09 PasCritere
55 -2.14748e+09 -2.14748e+09 -2.14748e+09 PasCritere
56 -2.14748e+09 -2.14748e+09 -2.14748e+09 PasCritere
57 -2.14748e+09 -2.14748e+09 -2.14748e+09 PasCritere
58 -2.14748e+09 -2.14748e+09 -2.14748e+09 PasCritere
59 -2.14748e+09 -2.14748e+09 -2.14748e+09 PasCritere
60 -2.14748e+09 -2.14748e+09 -2.14748e+09 PasCritere
61 -2.14748e+09 -2.14748e+09 -2.14748e+09 PasCritere
62 -2.14748e+09 -2.14748e+09 -2.14748e+09 PasCritere
63 -2.14748e+09 -2.14748e+09 -2.14748e+09 PasCritere
64 -2.14748e+09 -2.14748e+09 -2.14748e+09 PasCritere
65 -2.14748e+09 -2.14748e+09 -2.14748e+09 PasCritere
66 -2.14748e+09 -2.14748e+09 -2.14748e+09 PasCritere
67 -2.14748e+09 -2.14748e+09 -2.14748e+09 PasCritere
68 -2.14748e+09 -2.14748e+09 -2.14748e+09 PasCritere
69 -2.14748e+09 -2.14748e+09 -2.14748e+09 PasCritere
70 -2.14748e+09 -2.14748e+09 -2.14748e+09 PasCritere
71 -2.14748e+09 -2.14748e+09 -2.14748e+09 PasCritere
72 -2.14748e+09 -2.14748e+09 -2.14748e+09 PasCritere
73 -2.14748e+09 -2.14748e+09 -2.14748e+09 PasCritere
74 -2.14748e+09 -2.14748e+09 -2.14748e+09 PasCritere
75 -2.14748e+09 -2.14748e+09 -2.14748e+09 PasCritere
76 -2.14748e+09 -2.14748e+09 -2.14748e+09 PasCritere
77 -2.14748e+09 -2.14748e+09 -2.14748e+09 PasCritere
78 -2.14748e+09 -2.14748e+09 -2.14748e+09 PasCritere
79 -2.14748e+09 -2.14748e+09 -2.14748e+09 PasCritere
80 -2.14748e+09 -2.14748e+09 -2.14748e+09 PasCritere
81 -2.14748e+09 -2.14748e+09 -2.14748e+09 PasCritere
82 -2.14748e+09 -2.14748e+09 -2.14748e+09 PasCritere
83 -2.14748e+09 -2.14748e+09 -2.14748e+09 PasCritere
84 -2.14748e+09 -2.14748e+09 -2.14748e+09 PasCritere
85 -2.14748e+09 -2.14748e+09 -2.14748e+09 PasCritere
86 -2.14748e+09 -2.14748e+09 -2.14748e+09 PasCritere
87 -2.14748e+09 -2.14748e+09 -2.14748e+09 PasCritere
88 -2.14748e+09 -2.14748e+09 -2.14748e+09 PasCritere
89 -2.14748e+09 -2.14748e+09 -2.14748e+09 PasCritere
90 -2.14748e+09 -2.14748e+09 -2.14748e+09 PasCritere
91 -2.14748e+09 -2.14748e+09 -2.14748e+09 PasCritere
92 -2.14748e+09 -2.14748e+09 -2.14748e+09 PasCritere
93 -2.14748e+09 -2.14748e+09 -2.14748e+09 PasCritere
94 -2.14748e+09 -2.14748e+09 -2.14748e+09 PasCritere
95 -2.14748e+09 -2.14748e+09 -2.14748e+09 PasCritere
96 -2.14748e+09 -2.14748e+09 -2.14748e+09 PasCritere
97 -2.14748e+09 -2.14748e+09 -2.14748e+09 PasCritere
98 -2.14748e+09 -2.14748e+09 -2.14748e+09 PasCritere
99 -2.14748e+09 -2.14748e+09 -2.14748e+09 PasCritere
100 -2.14748e+09 -2.14748e+09 -2.14748e+09 PasCritere
101 -2.14748e+09 -2.14748e+09 -2.14748e+09 PasCritere
102 -2.14748e+09 -2.14748e+09 -2.14748e+09 PasCritere
103 -2.14748e+09 -2.14748e+09 -2.14748e+09 PasCritere
104 -2.14748e+09 -2.14748e+09 -2.14748e+09 PasCritere
105 -2.14748e+09 -2.14748e+09 -2.14748e+09 PasCritere
106 -2.14748e+09 -2.14748e+09 -2.14748e+09 PasCritere
107 -2.14748e+09 -2.14748e+09 -2.14748e+09 PasCritere
108 -2.14748e+09 -2.14748e+09 -2.14748e+09 PasCritere
109 -2.14748e+09 -2.14748e+09 -2.14748e+09 PasCritere
110 -2.14748e+09 -2.14748e+09 -2.14748e+09 PasCritere
111 -2.14748e+09 -2.14748e+09 -2.14748e+09 PasCritere
112 -2.14748e+09 -2.14748e+09 -2.14748e+09 PasCritere
113 -2.14748e+09 -2.14748e+09 -2.14748e+09 PasCritere
114 -2.14748e+09 -2.14748e+09 -2.14748e+09 PasCritere
115 -2.14748e+09 -2.14748e+09 -2.14748e+09 PasCritere
116 -2.14748e+09 -2.14748e+09 -2.14748e+09 PasCritere
117 -2.14748e+09 -2.14748e+09 -2.14748e+09 PasCritere
118 -2.14748e+09 -2.14748e+09 -2.14748e+09 PasCritere
119 -2.14748e+09 -2.14748e+09 -2.14748e+09 PasCritere
120 -2.14748e+09 -2.14748e+09 -2.14748e+09 PasCritere
121 -2.14748e+09 -2.14748e+09 -2.14748e+09 PasCritere
122 -2.14748e+09 -2.14748e+09 -2.14748e+09 PasCritere
123 -2.14748e+09 -2.14748e+09 -2.14748e+09 PasCritere
124 -2.14748e+09 -2.14748e+09 -2.14748e+09 PasCritere
125 -2.14748e+09 -2.14748e+09 -2.14748e+09 PasCritere
126 -2.14748e+09 -2.14748e+09 -2.14748e+09 PasCritere
127 -2.14748e+09 -2.14748e+09 -2.14748e+09 PasCritere
128 -2.14748e+09 -2.14748e+09 -2.14748e+09 PasCritere
129 -2.14748e+09 -2.14748e+09 -2.14748e+09 PasCritere
130 -2.14748e+09 -2.14748e+09 -2.14748e+09 PasCritere
131 -2.14748e+09 -2.14748e+09 -2.14748e+09 PasCritere
132 -2.14748e+09 -2.14748e+09 -2.14748e+09 PasCritere
133 -2.14748e+09 -2.14748e+09 -2.14748e+09 PasCritere
134 -2.14748e+09 -2.14748e+09 -2.14748e+09 PasCritere
135 -2.14748e+09 -2.14748e+09 -2.14748e+09 PasCritere
136 -2.14748e+09 -2.14748e+09 -2.14748e+09 PasCritere
137 -2.14748e+09 -2.14748e+09 -2.14748e+09 PasCritere
138 -2.14748e+09 -2.14748e+09 -2.14748e+09 PasCritere
139 -2.14748e+09 -2.14748e+09 -2.14748e+09 PasCritere
140 -2.14748e+09 -2.14748e+09 -2.14748e+09 PasCritere
141 -2.14748e+09 -2.14748e+09 -2.14748e+09 PasCritere
142 -2.14748e+09 -2.14748e+09 -2.14748e+09 PasCritere
143 -2.14748e+09 -2.14748e+09 -2.14748e+09 PasCritere
144 -2.14748e+09 -2.14748e+09 -2.14748e+09 PasCritere
145 -2.14748e+09 -2.14748e+09 -2.14748e+09 PasCritere
146 -2.14748e+09 -2.14748e+09 -2.14748e+09 PasCritere
147 -2.14748e+09 -2.14748e+09 -2.14748e+09 PasCritere
148 -2.14748e+09 -2.14748e+09 -2.14748e+09 PasCritere
149 -2.14748e+09 -2.14748e+09 -2.14748e+09 PasCritere
150 -2.14748e+09 -2.14748e+09 -2.14748e+09 PasCritere
151 -2.14748e+09 -2.14748e+09 -2.14748e+09 PasCritere
152 -2.14748e+09 -2.14748e+09 -2.14748e+09 PasCritere
153 -2.14748e+09 -2.14748e+09 -2.14748e+09 PasCritere
154 -2.14748e+09 -2.14748e+09 -2.14748e+09 PasCritere
155 -2.14748e+09 -2.14748e+09 -2.14748e+09 PasCritere
156 -2.14748e+09 -2.14748e+09 -2.14748e+09 PasCritere
157 -2.14748e+09 -2.14748e+09 -2.14748e+09 PasCritere
158 -2.14748e+09 -2.14748e+09 -2.14748e+09 PasCritere
159 -2.14748e+09 -2.14748e+09 -2.14748e+09 PasCritere
160 -2.14748e+09 -2.14748e+09 -2.14748e+09 PasCritere
161 -2.14748e+09 -2.14748e+09 -2.14748e+09 PasCritere
162 -2.14748e+09 -2.14748e+09 -2.14748e+09 PasCritere
163 -2.14748e+09 -2.14748e+09 -2.14748e+09 PasCritere
164 -2.14748e+09 -2.14748e+09 -2.14748e+09 PasCritere
165 -2.14748e+09 -2.14748e+09 -2.14748e+09 PasCritere
166 -2.14748e+09 -2.14748e+09 -2.14748e+09 PasCritere
167 -2.14748e+09 -2.14748e+09 -2.14748e+09 PasCritere
168 -2.14748e+09 -2.14748e+09 -2.14748e+09 PasCritere
169 -2.14748e+09 -2.14748e+09 -2.14748e+09 PasCritere
170 -2.14748e+09 -2.14748e+09 -2.14748e+09 PasCritere
171 -2.14748e+09 -2.14748e+09 -2.14748e+09 PasCritere
172 -2.14748e+09 -2.14748e+09 -2.14748e+09 PasCritere
173 -2.14748e+09 -2.14748e+09 -2.14748e+09 PasCritere
174 -2.14748e+09 -2.14748e+09 -2.14748e+09 PasCritere
175 -2.14748e+09 -2.14748e+09 -2.14748e+09 PasCritere
176 -2.14748e+09 -2.14748e+09 -2.14748e+09 PasCritere
177 -2.14748e+09 -2.14748e+09 -2.14748e+09 PasCritere
178 -2.14748e+09 -2.14748e+09 -2.14748e+09 PasCritere
179 -2.14748e+09 -2.14748e+09 -2.14748e+09 PasCritere
180 -2.14748e+09 -2.14748e+09 -2.14748e+09 PasCritere
181 -2.14748e+09 -2.14748e+09 -2.14748e+09 PasCritere
182 -2.14748e+09 -2.14748e+09 -2.14748e+09 PasCritere
183 -2.14748e+09 -2.14748e+09 -2.14748e+09 PasCritere
184 -2.14748e+09 -2.14748e+09 -2.14748e+09 PasCritere
185 -2.14748e+09 -2.14748e+09 -2.14748e+09 PasCritere
186 -2.14748e+09 -2.14748e+09 -2.14748e+09 PasCritere
187 -2.14748e+09 -2.14748e+09 -2.14748e+09 PasCritere
188 -2.14748e+09 -2.14748e+09 -2.14748e+09 PasCritere
189 -2.14748e+09 -2.14748e+09 -2.14748e+09 PasCritere
190 -2.14748e+09 -2.14748e+09 -2.14748e+09 PasCritere
191 -2.14748e+09 -2.14748e+09 -2.14748e+09 PasCritere
192 -2.14748e+09 -2.14748e+09 -2.14748e+09 PasCritere
193 -2.14748e+09 -2.14748e+09 -2.14748e+09 PasCritere
194 -2.14748e+09 -2.14748e+09 -2.14748e+09 PasCritere
195 -2.14748e+09 -2.14748e+09 -2.14748e+09 PasCritere
196 -2.14748e+09 -2.14748e+09 -2.14748e+09 PasCritere
197 -2.14748e+09 -2.14748e+09 -2.14748e+09 PasCritere
198 -2.14748e+09 -2.14748e+09 -2.14748e+09 PasCritere
199 -2.14748e+09 -2.14748e+09 -2.14748e+09 PasCritere
200 -2.14748e+09 -2.14748e+09 -2.14748e+09 PasCritere
201 -2.14748e+09 -2.14748e+09 -2.14748e+09 PasCritere
202 -2.14748e+09 -2.14748e+09 -2.14748e+09 PasCritere
203 -2.14748e+09 -2.14748e+09 -2.14748e+09 PasCritere
204 -2.14748e+09 -2.14748e+09 -2.14748e+09 PasCritere
205 -2.14748e+09 -2.14748e+09 -2.14748e+09 PasCritere
206 -2.14748e+09 -2.14748e+09 -2.14748e+09 PasCritere
207 -2.14748e+09 -2.14748e+09 -2.14748e+09 PasCritere
208 -2.14748e+09 -2.14748e+09 -2.14748e+09 PasCritere
209 -2.14748e+09 -2.14748e+09 -2.14748e+09 PasCritere
210 -2.14748e+09 -2.14748e+09 -2.14748e+09 PasCritere
211 -2.14748e+09 -2.14748e+09 -2.14748e+09 PasCritere
212 -2.14748e+09 -2.14748e+09 -2.14748e+09 PasCritere
213 -2.14748e+09 -2.14748e+09 -2.14748e+09 PasCritere
214 -2.14748e+09 -2.14748e+09 -2.14748e+09 PasCritere
215 -2.14748e+09 -2.14748e+09 -2.14748e+09 PasCritere
216 -2.14748e+09 -2.14748e+09 -2.14748e+09 PasCritere
217 -2.14748e+09 -2.14748e+09 -2.14748e+09 PasCritere
218 -2.14748e+09 -2.14748e+09 -2.14748e+09 PasCritere
219 -2.14748e+09 -2.14748e+09 -2.14748e+09 PasCritere
220 -2.14748e+09 -2.14748e+09 -2.14748e+09 PasCritere
221 -2.14748e+09 -2.14748e+09 -2.14748e+09 PasCritere
222 -2.14748e+09 -2.14748e+09 -2.14748e+09 PasCritere
223 -2.14748e+09 -2.14748e+09 -2.14748e+09 PasCritere
224 -2.14748e+09 -2.14748e+09 -2.14748e+09 PasCritere
225 -2.14748e+09 -2.14748e+09 -2.14748e+09 PasCritere
226 -2.14748e+09 -2.14748e+09 -2.14748e+09 PasCritere
227 -2.14748e+09 -2.14748e+09 -2.14748e+09 PasCritere
228 -2.14748e+09 -2.14748e+09 -2.14748e+09 PasCritere
229 -2.14748e+09 -2.14748e+09 -2.14748e+09 PasCritere
230 -2.14748e+09 -2.14748e+09 -2.14748e+09 PasCritere
231 -2.14748e+09 -2.14748e+09 -2.14748e+09 PasCritere
232 -2.14748e+09 -2.14748e+09 -2.14748e+09 PasCritere
233 -2.14748e+09 -2.14748e+09 -2.14748e+09 PasCritere
234 -2.14748e+09 -2.14748e+09 -2.14748e+09 PasCritere
235 -2.14748e+09 -2.14748e+09 -2.14748e+09 PasCritere
236 -2.14748e+09 -2.14748e+09 -2.14748e+09 PasCritere
237 -2.14748e+09 -2.14748e+09 -2.14748e+09 PasCritere
238 -2.14748e+09 -2.14748e+09 -2.14748e+09 PasCritere
239 -2.14748e+09 -2.14748e+09 -2.14748e+09 PasCritere
240 -2.14748e+09 -2.14748e+09 -2.14748e+09 PasCritere
241 -2.14748e+09 -2.14748e+09 -2.14748e+09 PasCritere
242 -2.14748e+09 -2.14748e+09 -2.14748e+09 PasCritere
243 -2.14748e+09 -2.14748e+09 -2.14748e+09 PasCritere
244 -2.14748e+09 -2.14748e+09 -2.14748e+09 PasCritere
245 -2.14748e+09 -2.14748e+09 -2.14748e+09 PasCritere
246 -2.14748e+09 -2.14748e+09 -2.14748e+09 PasCritere
247 -2.14748e+09 -2.14748e+09 -2.14748e+09 PasCritere
248 -2.14748e+09 -2.14748e+09 -2.14748e+09 PasCritere
249 -2.14748e+09 -2.14748e+09 -2.14748e+09 PasCritere
250 -2.14748e+09 -2.14748e+09 -2.14748e+09 PasCritere
251 -2.14748e+09 -2.14748e+09 -2.14748e+09 PasCritere
252 -2.14748e+09 -2.14748e+09 -2.14748e+09 PasCritere
253 -2.14748e+09 -2.14748e+09 -2.14748e+09 PasCritere
254 -2.14748e+09 -2.14748e+09 -2.14748e+09 PasCritere
255 -2.14748e+09 -2.14748e+09 -2.14748e+09 PasCritere
256 -2.14748e+09 -2.14748e+09 -2.14748e+09 PasCritere
257 -2.14748e+09 -2.14748e+09 -2.14748e+09 PasCritere
258 -2.14748e+09 -2.14748e+09 -2.14748e+09 PasCritere
259 -2.14748e+09 -2.14748e+09 -2.14748e+09 PasCritere
260 -2.14748e+09 -2.14748e+09 -2.14748e+09 PasCritere
261 -2.14748e+09 -2.14748e+09 -2.14748e+09 PasCritere
262 -2.14748e+09 -2.14748e+09 -2.14748e+09 PasCritere
263 -2.14748e+09 -2.14748e+09 -2.14748e+09 PasCritere
264 -2.14748e+09 -2.14748e+09 -2.14748e+09 PasCritere
265 -2.14748e+09 -2.14748e+09 -2.14748e+09 PasCritere
266 -2.14748e+09 -2.14748e+09 -2.14748e+09 PasCritere
267 -2.14748e+09 -2.14748e+09 -2.14748e+09 PasCritere
268 -2.14748e+09 -2.14748e+09 -2.14748e+09 PasCritere
269 -2.14748e+09 -2.14748e+09 -2.14748e+09 PasCritere
270 -2.14748e+09 -2.14748e+09 -2.14748e+09 PasCritere
271 -2.14748e+09 -2.14748e+09 -2.14748e+09 PasCritere
272 -2.14748e+09 -2.14748e+09 -2.14748e+09 PasCritere
273 -2.14748e+09 -2.14748e+09 -2.14748e+09 PasCritere
274 -2.14748e+09 -2.14748e+09 -2.14748e+09 PasCritere
275 -2.14748e+09 -2.14748e+09 -2.14748e+09 PasCritere
276 -2.14748e+09 -2.14748e+09 -2.14748e+09 PasCritere
277 -2.14748e+09 -2.14748e+09 -2.14748e+09 PasCritere
278 -2.14748e+09 -2.14748e+09 -2.14748e+09 PasCritere
279 -2.14748e+09 -2.14748e+09 -2.14748e+09 PasCritere
280 -2.14748e+09 -2.14748e+09 -2.14748e+09 PasCritere
281 -2.14748e+09 -2.14748e+09 -2.14748e+09 PasCritere
282 -2.14748e+09 -2.14748e+09 -2.14748e+09 PasCritere
283 -2.14748e+09 -2.14748e+09 -2.14748e+09 PasCritere
284 -2.14748e+09 -2.14748e+09 -2.14748e+09 PasCritere
285 -2.14748e+09 -2.14748e+09 -2.14748e+09 PasCritere
286 -2.14748e+09 -2.14748e+09 -2.14748e+09 PasCritere
287 -2.14748e+09 -2.14748e+09 -2.14748e+09 PasCritere
288 -2.14748e+09 -2.14748e+09 -2.14748e+09 PasCritere
289 -2.14748e+09 -2.14748e+09 -2.14748e+09 PasCritere
290 -2.14748e+09 -2.14748e+09 -2.14748e+09 PasCritere
291 -2.14748e+09 -2.14748e+09 -2.14748e+09 PasCritere
292 -2.14748e+09 -2.14748e+09 -2.14748e+09 PasCritere
293 -2.14748e+09 -2.14748e+09 -2.14748e+09 PasCritere
294 -2.14748e+09 -2.14748e+09 -2.14748e+09 PasCritere
295 -2.14748e+09 -2.14748e+09 -2.14748e+09 PasCritere
296 -2.14748e+09 -2.14748e+09 -2.14748e+09 PasCritere
297 -2.14748e+09 -2.14748e+09 -2.14748e+09 PasCritere
298 -2.14748e+09 -2.14748e+09 -2.14748e+09 PasCritere
299 -2.14748e+09 -2.14748e+09 -2.14748e+09 PasCritere
300 -2.14748e+09 -2.14748e+09 -2.14748e+09 PasCritere
301 -2.14748e+09 -2.14748e+09 -2.14748e+09 PasCritere
302 -2.14748e+09 -2.14748e+09 -2.14748e+09 PasCritere
303 -2.14748e+09 -2.14748e+09 -2.14748e+09 PasCritere
304 -2.14748e+09 -2.14748e+09 -2.14748e+09 PasCritere
305 -2.14748e+09 -2.14748e+09 -2.14748e+09 PasCritere
306 -2.14748e+09 -2.14748e+09 -2.14748e+09 PasCritere
307 -2.14748e+09 -2.14748e+09 -2.14748e+09 PasCritere
308 -2.14748e+09 -2.14748e+09 -2.14748e+09 PasCritere
309 -2.14748e+09 -2.14748e+09 -2.14748e+09 PasCritere
310 -2.14748e+09 -2.14748e+09 -2.14748e+09 PasCritere
311 -2.14748e+09 -2.14748e+09 -2.14748e+09 PasCritere
312 -2.14748e+09 -2.14748e+09 -2.14748e+09 PasCritere
313 -2.14748e+09 -2.14748e+09 -2.14748e+09 PasCritere
314 -2.14748e+09 -2.14748e+09 -2.14748e+09 PasCritere
315 -2.14748e+09 -2.14748e+09 -2.14748e+09 PasCritere
316 -2.14748e+09 -2.14748e+09 -2.14748e+09 PasCritere
317 -2.14748e+09 -2.14748e+09 -2.14748e+09 PasCritere
318 -2.14748e+09 -2.14748e+09 -2.14748e+09 PasCritere
319 -2.14748e+09 -2.14748e+09 -2.14748e+09 PasCritere
320 -2.14748e+09 -2.14748e+09 -2.14748e+09 PasCritere
321 -2.14748e+09 -2.14748e+09 -2.14748e+09 PasCritere
322 -2.14748e+09 -2.14748e+09 -2.14748e+09 PasCritere
323 -2.14748e+09 -2.14748e+09 -2.14748e+09 PasCritere
324 -2.14748e+09 -2.14748e+09 -2.14748e+09 PasCritere
325 -2.14748e+09 -2.14748e+09 -2.14748e+09 PasCritere
326 -2.14748e+09 -2.14748e+09 -2.14748e+09 PasCritere
327 -2.14748e+09 -2.14748e+09 -2.14748e+09 PasCritere
328 -2.14748e+09 -2.14748e+09 -2.14748e+09 PasCritere
329 -2.14748e+09 -2.14748e+09 -2.14748e+09 PasCritere
330 -2.14748e+09 -2.14748e+09 -2.14748e+09 PasCritere
331 -2.14748e+09 -2.14748e+09 -2.14748e+09 PasCritere
332 -2.14748e+09 -2.14748e+09 -2.14748e+09 PasCritere
333 -2.14748e+09 -2.14748e+09 -2.14748e+09 PasCritere
334 -2.14748e+09 -2.14748e+09 -2.14748e+09 PasCritere
335 -2.14748e+09 -2.14748e+09 -2.14748e+09 PasCritere
336 -2.14748e+09 -2.14748e+09 -2.14748e+09 PasCritere
337 -2.14748e+09 -2.14748e+09 -2.14748e+09 PasCritere
338 -2.14748e+09 -2.14748e+09 -2.14748e+09 PasCritere
339 -2.14748e+09 -2.14748e+09 -2.14748e+09 PasCritere
340 -2.14748e+09 -2.14748e+09 -2.14748e+09 PasCritere
