-3855 -2653 -2490 -2152 -1792 -1702 -1142 -509 25 151 290 892 899 1035 1738 2208 2371 2445 3137 3152
PasCritere
-3865 -3676 -3038 -2961 -2653 -2490 -2490 -2444 -2152 -2152 -2087 -1884 -1702 -729 -619 -509 -112 290 3128 3145
PasCritere
-4065 -3816 -3784 -3727 -3677 -3676 -3676 -3544 -3033 -2486 -2306 -2170 -2152 -2150 -2122 -509 -405 617 2561 3164
PasCritere
-3816 -3802 -3703 -3609 -3089 -2795 -2765 -2280 -2152 -2151 -1565 -1422 -834 -712 -22 660 1633 3419 3720 3824
PasCritere
-3872 -3802 -3802 -3703 -3703 -3609 -3209 -3089 -2765 -2697 -2280 -2135 -2087 -2003 -1422 767 2642 2654 3419 3620
PasCritere
-4039 -3958 -3830 -3783 -3775 -3702 -3645 -3228 -3212 -2569 -1592 -1563 -1242 605 1627 2580 3492 3643 3807 3885
PasCritere
-3958 -3958 -3830 -3830 -3783 -3782 -3775 -3641 -3607 -3415 -3130 -2346 -1981 -218 666 1694 2760 3212 3472 3740
PasCritere
-4087 -3831 -3830 -3830 -3785 -3782 -3702 -3641 -3414 -3082 -2775 -2215 -1686 -1647 -1270 -519 847 2915 3325 3707
PasCritere
-3835 -3832 -3831 -3830 -3822 -3820 -3784 -3697 -3318 -2711 -1914 -1782 -1699 -1686 -1148 -983 847 947 1367 3819
PasCritere
-4024 -3835 -3832 -3831 -3831 -3830 -3822 -3784 -3703 -3574 -3286 -3062 -2547 -1741 -1711 -1148 438 1650 2794 4071
PasCritere
-3923 -3835 -3835 -3835 -3835 -3832 -3831 -3830 -3294 -3286 -2778 -1741 -1625 1650 1910 2031 2801 3571 3795 4070
PasCritere
-4074 -4059 -3880 -3835 -3835 -3835 -3831 -3822 -3799 -3770 -2807 -2283 -1723 -1718 -1698 -1117 2030 3248 3665 4087
PasCritere
-3944 -3930 -3834 -3822 -3794 -3753 -3600 -3480 -3307 -2807 -2283 -1974 -1723 -1722 -1307 1023 1751 1791 3424 3550
PasCritere
-4082 -3955 -3907 -3834 -3834 -3822 -3753 -3724 -3467 -3462 -3411 -2530 -2283 -2283 -1975 -106 1184 1518 1952 3969
PasCritere
-4091 -4026 -3955 -3907 -3786 -3784 -3772 -3455 -3443 -3205 -3019 -3010 -2850 -1906 -1763 -367 524 1249 1786 1881
PasCritere
-3955 -3923 -3915 -3907 -3784 -3772 -3354 -3171 -3147 -2875 -2426 -1909 -1243 -1148 -570 1919 1919 3400 3589 4030
PasCritere
-3923 -3907 -3901 -3784 -3674 -3650 -3514 -3147 -3091 -2646 -2627 -1686 -1259 -1213 -266 -218 1119 3178 3403 3870
PasCritere
-4093 -4052 -3939 -3901 -3876 -3792 -3784 -3764 -3720 -3517 -2634 -2135 -1259 -841 -183 1547 3270 3776 3870 3952
PasCritere
-3955 -3939 -3939 -3939 -3936 -3914 -3908 -3300 -3224 -3110 -2995 -2497 -1630 -1259 -881 -274 2772 3799 3870 4090
PasCritere
-4018 -4002 -3943 -3940 -3938 -3908 -3885 -3883 -3690 -3166 -2923 -2627 -2403 -1630 455 2381 3086 3841 3951 3959
PasCritere
-4018 -4003 -4002 -3944 -3935 -3875 -3428 -3245 -3170 -3051 -3012 -2923 -2698 -2405 -2372 -1467 3079 3462 3504 3750
PasCritere
-4077 -4066 -4019 -4004 -4002 -3941 -3850 -3428 -3133 -2987 -2882 -2851 -2372 -2234 -2021 -1700 -1466 2534 3750 4083
PasCritere
-4066 -4066 -4019 -4000 -3945 -3939 -3866 -3804 -3495 -3258 -3043 -2848 -2530 -2436 -2021 -915 2408 2480 2488 3449
PasCritere
-4062 -4022 -4019 -4011 -3988 -3930 -3907 -3875 -3867 -3859 -3850 -3778 -3747 -3567 -3210 -2962 -2019 -1380 3449 4074
PasCritere
-4078 -4022 -4011 -4006 -3988 -3961 -3931 -3816 -3642 -3418 -3362 -3211 -2037 -1378 -751 3007 3398 3470 3638 3792
PasCritere
-4022 -4011 -4006 -3988 -3979 -3931 -3767 -3757 -3494 -3238 -1883 -1546 -1195 -442 2827 2934 3639 3694 3775 3870
PasCritere
-4011 -4011 -4011 -4006 -3997 -3988 -3979 -3931 -3931 -3901 -3757 -3730 -3703 -3494 -3430 -1962 1103 3543 3694 3739
PasCritere
-4013 -4011 -4011 -4011 -4006 -4006 -4004 -4003 -3919 -3863 -3578 -3388 -3353 -2230 -1950 2882 3550 4010 4016 4033
PasCritere
-4011 -4010 -4010 -4006 -4006 -4004 -3947 -3863 -3494 -3386 -3371 -2215 -2146 -1895 -1511 1838 2826 3755 3879 4005
PasCritere
-4006 -4006 -4004 -3974 -3907 -3899 -3755 -3755 -3579 -3558 -3391 -3367 -2470 -2215 -1894 1983 2449 3371 4003 4023
PasCritere
-4006 -4006 -4006 -4006 -4004 -3968 -3907 -3818 -3814 -3756 -3749 -3558 -2982 -2898 -1950 -863 -530 1982 2952 3509
PasCritere
-4085 -4010 -4008 -4006 -4006 -3907 -3561 -3558 -3358 -3040 -2972 -2854 -1965 -1918 -1462 -487 1794 2726 3756 3981
PasCritere
-4078 -4006 -4002 -3975 -3970 -3750 -3563 -3358 -2944 -2910 -2474 -2409 -2103 -1719 -928 2721 2989 3027 3869 4088
PasCritere
-4035 -4023 -4022 -4007 -4006 -4006 -4006 -4006 -4006 -4002 -3971 -3858 -3846 -2715 -2342 -2327 2928 2989 3835 4020
PasCritere
-4062 -4022 -4007 -4006 -4006 -4006 -4006 -3859 -3858 -3497 -3311 -2999 -2327 -1967 -1802 -1462 -1062 -695 2846 4020
PasCritere
-4038 -4022 -4007 -4007 -4007 -4006 -3999 -3931 -3894 -3752 -3558 -1978 -1958 -695 -695 -654 1906 3498 4013 4094
PasCritere
-4024 -4007 -4007 -3980 -3934 -3902 -3819 -3718 -3711 -3630 -3513 -3386 -1950 -1895 -665 354 1896 1979 3771 3882
PasCritere
-4007 -3975 -3886 -3878 -3818 -3499 -3497 -3430 -2815 -2603 324 1452 1834 2832 2865 3453 3494 3722 3944 4055
PasCritere
-3975 -3975 -3887 -3887 -3886 -3499 -3368 -3363 -2815 -2815 -2795 -2353 -1833 -1779 -1459 2364 2589 3526 3579 4078
PasCritere
-4038 -4006 -3979 -3951 -3887 -3887 -3765 -3499 -3010 -1959 -1922 -1838 -1815 -1779 772 1283 2446 2447 3246 3842
PasCritere
-4007 -4006 -4003 -3951 -3887 -3887 -3879 -3878 -3638 -3503 -3044 -2983 -2829 -2823 -1974 -1850 1917 2447 3842 3975
PasCritere
-4007 -4006 -3966 -3887 -3874 -3870 -3768 -3751 -3645 -3614 -3427 -2572 -2029 -1958 -1839 -1446 -283 1962 3893 3970
PasCritere
-4006 -4003 -3966 -3894 -3875 -3768 -3711 -3695 -3645 -3631 -3628 -3359 -2479 -1967 -1958 -1896 -1163 -283 2789 3370
PasCritere
-4014 -4003 -4003 -4003 -3999 -3966 -3878 -3702 -3618 -2218 -2177 -1672 -1637 -1458 -1411 -1239 -895 2023 2282 4010
PasCritere
-4031 -4006 -4003 -4003 -3999 -3967 -3967 -3966 -3702 -3682 -3381 -3198 -2962 -1637 -895 935 1798 2967 3386 4022
PasCritere
-4073 -4005 -3987 -3967 -3967 -3966 -3943 -3702 -3658 -3546 -3231 -3046 -2847 -1797 -1191 1963 3566 4003 4009 4023
PasCritere
-4036 -4001 -3999 -3994 -3987 -3970 -3967 -3837 -3702 -3658 -2947 -2945 -2847 -1883 -991 1963 3506 3658 4016 4055
PasCritere
-4081 -4002 -4001 -4001 -4001 -4000 -3987 -3928 -3740 -3249 -2784 -2761 -2663 -2323 -1973 -1695 -642 -414 1963 2737
PasCritere
-4021 -3987 -3825 -3760 -3740 -3487 -2977 -2852 -2792 -2620 -1950 -1888 -1880 -1456 -942 -638 687 2480 2959 3975
PasCritere
-4083 -3987 -3987 -3907 -3825 -3714 -3481 -2977 -2963 -2852 -2821 -1880 -953 693 759 804 1829 3040 3478 3990
PasCritere
