Generation Moyenne1 Minimum1 Maximum1 Moyenne2 Minimum2 Maximum2
1 152.833 -3855 3152 PasCritere
2 -1571.11 -3865 3145 PasCritere
3 -2225.28 -4065 3164 PasCritere
4 -1192.72 -3816 3824 PasCritere
5 -1712.44 -3872 3620 PasCritere
6 -1130.28 -4039 3885 PasCritere
7 -1638.44 -3958 3740 PasCritere
8 -1995.67 -4087 3707 PasCritere
9 -2149.78 -3835 3819 PasCritere
10 -2369.72 -4024 4071 PasCritere
11 -1322.17 -3923 4070 PasCritere
12 -2059.39 -4074 4087 PasCritere
13 -1852.61 -3944 3550 PasCritere
14 -2316.22 -4082 3969 PasCritere
15 -2371.61 -4091 1881 PasCritere
16 -1573.17 -3955 4030 PasCritere
17 -1715.72 -3923 3870 PasCritere
18 -1607.44 -4093 3952 PasCritere
19 -1794.67 -3955 4090 PasCritere
20 -1679.11 -4018 3959 PasCritere
21 -2082.5 -4018 3750 PasCritere
22 -2370.67 -4077 4083 PasCritere
23 -2267.17 -4066 3449 PasCritere
24 -3141.22 -4062 4074 PasCritere
25 -1778.94 -4078 3792 PasCritere
26 -1242.67 -4022 3870 PasCritere
27 -2638.39 -4011 3739 PasCritere
28 -1993.06 -4013 4033 PasCritere
29 -1864.78 -4011 4005 PasCritere
30 -1998.22 -4006 4023 PasCritere
31 -2604.5 -4006 3509 PasCritere
32 -2046.44 -4085 3981 PasCritere
33 -1639.17 -4078 4088 PasCritere
34 -2521.72 -4035 4020 PasCritere
35 -2669.22 -4062 4020 PasCritere
36 -1985.89 -4038 4094 PasCritere
37 -2117.61 -4024 3882 PasCritere
38 -415.611 -4007 4055 PasCritere
39 -1647.56 -3975 4078 PasCritere
40 -1616.83 -4038 3842 PasCritere
41 -2329.39 -4007 3975 PasCritere
42 -2337.78 -4007 3970 PasCritere
43 -2674 -4006 3370 PasCritere
44 -2198.56 -4014 4010 PasCritere
45 -2126.78 -4031 4022 PasCritere
46 -1850.67 -4073 4023 PasCritere
47 -1865.83 -4036 4055 PasCritere
48 -2677.83 -4081 2737 PasCritere
49 -1814.89 -4021 3975 PasCritere
50 -1485.78 -4083 3990 PasCritere
